0  -0.0001385614095367696 -1.100004562626861e-09
0  -0.0001385619163066288 -9.506554882744779e-10
0  -0.0001385622482609621 -8.492940608358416e-10
0  -0.000138562487591858 -7.801895279150445e-10
0  -0.0001385626600904226 -7.216012323124708e-10
0  -0.0001385627976795439 -6.80815776249928e-10
0  -0.0001385629096564458 -6.490685043145602e-10
0  -0.0001385629990795706 -6.20714726069092e-10
0  -0.0001385630725650529 -5.95827158113208e-10
0  -0.0001385631319310972 -5.730793257328097e-10
0  -0.0001385631799184294 -5.526688737618377e-10
0  -0.000138563220044857 -5.335034246364014e-10
0  -0.0001385632519573381 -5.169958887160272e-10
