0  0.09769204809873681 0.06392159725388501
0  0.1022963851707321 0.07009572264575521
0  0.1068840441051514 0.07609576995924268
0  0.1119498320193337 0.08158404126771451
0  0.1161315434929529 0.08756509019403713
0  0.1212202343574437 0.0926777418703217
0  0.1263192803347309 0.09758787819168312
0  0.1310432953242539 0.1027311480882224
0  0.1354414357503914 0.1079916397100273
0  0.1396152442086228 0.1133363682846257
0  0.1437718368853635 0.1184960869871818
0  0.1476528415885016 0.1238796820296466
0  0.1519916090883617 0.1285667142696784
