0  0.05093747867398059 -0.2280979609151958
0  0.05563748352998306 -0.2465854074670872
0  0.06027761344580484 -0.2647083075697972
0  0.06534345094902852 -0.2828159352013897
0  0.06947846981144111 -0.299913669255268
0  0.07446333675936508 -0.3174064579606519
0  0.07940748218828823 -0.3346484930599596
0  0.08393736200044104 -0.3512900774832244
0  0.08811526852447439 -0.3674303441447415
0  0.09203108287481213 -0.38311406531527
0  0.095906475417781 -0.3986830809286185
0  0.09948873936270478 -0.4137062213631925
0  0.1035028880423076 -0.4291709628841319
