0  6.928125793755374e-05 -0.0001199977906813024
0  6.92814044254258e-05 -0.000119998135232745
0  6.928150034639267e-05 -0.0001199983641744693
0  6.928156669388781e-05 -0.0001199985308327993
0  6.928161743355296e-05 -0.0001199986508466219
0  6.928165455847292e-05 -0.0001199987493355419
0  6.92816836941359e-05 -0.0001199988286987505
0  6.92817080496843e-05 -0.0001199988923923963
0  6.928172862251701e-05 -0.0001199989447037394
0  6.928174623971111e-05 -0.0001199989884791385
0  6.928176097099701e-05 -0.0001199990265141672
0  6.928177429861786e-05 -0.0001199990588628932
0  6.928178483109655e-05 -0.0001199990890871501
