0  -0.1785859136838758 0.169420598076242
0  -0.1952962362523681 0.1880113910422814
0  -0.2115602612398002 0.2061108424874959
0  -0.2269236656629351 0.2233940154809403
0  -0.2427606978031321 0.2408789907443556
0  -0.2572934759383267 0.257200217072979
0  -0.2714834616185228 0.2730680054463063
0  -0.2856965853188927 0.2889204487961554
0  -0.2999287618931461 0.3046828279694464
0  -0.314120103222702 0.3203327436628565
0  -0.3280523945877744 0.3356113484033925
0  -0.3420049164452124 0.3509461420696144
0  -0.3552875332101255 0.3654320105322079
