0  6.928036557356712e-05 0.0001199977098543308
0  6.928066946042992e-05 0.0001199981388101257
0  6.928085472219301e-05 0.000119998405716886
0  6.928100797097077e-05 0.0001199986147853269
0  6.928110497684502e-05 0.0001199987560082751
0  6.928119182335336e-05 0.0001199988736349622
0  6.928126774929855e-05 0.0001199989728376758
0  6.928133766264752e-05 0.0001199990596522732
0  6.92813959091411e-05 0.0001199991319484593
0  6.928144188083313e-05 0.0001199991902171634
0  6.92814743727025e-05 0.0001199992348175008
0  6.928149771985738e-05 0.0001199992690449855
0  6.928150824474936e-05 0.0001199992918488549
