0  -5.093747867398058e-05 0.0002280979609151958
0  -5.563748352998308e-05 0.0002465854074670872
0  -6.027761344580483e-05 0.0002647083075697972
0  -6.534345094902853e-05 0.0002828159352013898
0  -6.947846981144111e-05 0.000299913669255268
0  -7.446333675936509e-05 0.0003174064579606519
0  -7.940748218828823e-05 0.0003346484930599597
0  -8.393736200044105e-05 0.0003512900774832244
0  -8.81152685244744e-05 0.0003674303441447414
0  -9.203108287481209e-05 0.0003831140653152699
0  -9.590647541778098e-05 0.0003986830809286185
0  -9.948873936270479e-05 0.0004137062213631924
0  -0.0001035028880423077 0.000429170962884132
