0  -692.8125793755373 1199.977906813024
0  -692.814044254258 1199.98135232745
0  -692.8150034639267 1199.983641744693
0  -692.8156669388781 1199.985308327993
0  -692.8161743355297 1199.986508466219
0  -692.8165455847292 1199.987493355419
0  -692.816836941359 1199.988286987505
0  -692.8170804968431 1199.988923923964
0  -692.8172862251702 1199.989447037394
0  -692.8174623971113 1199.989884791386
0  -692.8176097099699 1199.990265141671
0  -692.8177429861785 1199.990588628932
0  -692.8178483109655 1199.990890871501
