0  1385.614095367696 0.01100004562626861
0  1385.619163066289 0.009506554882744779
0  1385.62248260962 0.008492940608358413
0  1385.624875918579 0.007801895279150445
0  1385.626600904226 0.007216012323124709
0  1385.627976795439 0.006808157762499281
0  1385.629096564458 0.006490685043145602
0  1385.629990795706 0.00620714726069092
0  1385.630725650529 0.005958271581132081
0  1385.631319310972 0.005730793257328097
0  1385.631799184294 0.005526688737618377
0  1385.63220044857 0.005335034246364015
0  1385.632519573381 0.005169958887160273
