0  -692.8036557356712 -1199.977098543308
0  -692.8066946042993 -1199.981388101257
0  -692.80854722193 -1199.98405716886
0  -692.8100797097076 -1199.986147853269
0  -692.8110497684504 -1199.987560082751
0  -692.8119182335336 -1199.988736349622
0  -692.8126774929856 -1199.989728376758
0  -692.8133766264751 -1199.990596522732
0  -692.8139590914111 -1199.991319484593
0  -692.8144188083311 -1199.991902171634
0  -692.814743727025 -1199.992348175008
0  -692.814977198574 -1199.992690449855
0  -692.8150824474936 -1199.992918488549
