0  0.0001785859136838758 -0.000169420598076242
0  0.0001952962362523681 -0.0001880113910422814
0  0.0002115602612398002 -0.0002061108424874959
0  0.0002269236656629351 -0.0002233940154809404
0  0.0002427606978031322 -0.0002408789907443556
0  0.0002572934759383267 -0.000257200217072979
0  0.0002714834616185227 -0.0002730680054463062
0  0.0002856965853188926 -0.0002889204487961554
0  0.0002999287618931461 -0.0003046828279694464
0  0.000314120103222702 -0.0003203327436628564
0  0.0003280523945877744 -0.0003356113484033924
0  0.0003420049164452124 -0.0003509461420696144
0  0.0003552875332101256 -0.0003654320105322079
