0  -9.769204809873683e-05 -6.392159725388501e-05
0  -0.0001022963851707321 -7.009572264575521e-05
0  -0.0001068840441051514 -7.609576995924269e-05
0  -0.0001119498320193337 -8.158404126771453e-05
0  -0.0001161315434929529 -8.756509019403714e-05
0  -0.0001212202343574437 -9.267774187032171e-05
0  -0.0001263192803347309 -9.758787819168312e-05
0  -0.0001310432953242539 -0.0001027311480882224
0  -0.0001354414357503915 -0.0001079916397100273
0  -0.0001396152442086228 -0.0001133363682846257
0  -0.0001437718368853634 -0.0001184960869871818
0  -0.0001476528415885016 -0.0001238796820296466
0  -0.0001519916090883617 -0.0001285667142696784
