0  -17320.50807568879 -29999.99999999999
0  -17320.50807568879 -29999.99999999999
0  -17320.50807568879 -29999.99999999999
0  -17320.50807568879 -29999.99999999999
0  -17320.50807568879 -29999.99999999999
0  -17320.50807568879 -29999.99999999999
0  -17320.50807568879 -29999.99999999999
0  -17320.50807568879 -29999.99999999999
0  -17320.50807568879 -29999.99999999999
0  -17320.50807568879 -29999.99999999999
0  -17320.50807568879 -29999.99999999999
0  -17320.50807568879 -29999.99999999999
0  -17320.50807568879 -29999.99999999999
