0  3589.585021368456 2678.936971461886
0  4489.55318304592 3348.802213656947
0  5385.254726036114 4017.614904551505
0  6287.747899178583 4687.631156906699
0  7184.381461323653 5357.872681145392
0  8085.481135499897 6027.231034181396
0  8989.699781822332 6699.679986683685
0  9900.169511712938 7372.624532538314
0  10810.18059957804 8047.792573094
0  11718.85340388651 8723.115803403391
0  12617.54702452362 9398.974074586651
0  13519.22311638943 10075.15096141379
0  14403.08708017926 10753.54523031961
