0  -67052.47430418676 -67275.50414965654
0  -83825.83101132658 -84102.13993632531
0  -100581.4555267117 -100914.2430129752
0  -117364.7140293132 -117752.0550472036
0  -134118.7832327835 -134571.0459017305
0  -150894.8457639995 -151404.5327909007
0  -167678.2036614094 -168259.4438453657
0  -184488.2916598474 -185131.7995889694
0  -201291.0555526255 -202012.0431140926
0  -218085.113659671 -218886.1281627636
0  -234827.0083637622 -235737.0283908205
0  -251587.3173870078 -252595.1604015951
0  -268251.5793043353 -269415.143945597
