0  -2893.764410414004 931.9732001785719
0  -3619.047299584256 1163.735814871012
0  -4340.276710274885 1395.47357548952
0  -5053.763395808437 1627.139858778554
0  -5793.087229804541 1858.803665766399
0  -6509.198511076479 2089.993888358418
0  -7224.259178427468 2322.511496814913
0  -7933.189520277579 2554.523998893137
0  -8656.259405543016 2787.319060147349
0  -9393.133714484533 3019.994994653285
0  -10155.84492881534 3253.646621430979
0  -10901.87928247484 3487.490929728572
0  -11693.89743197805 3724.026820693907
