0  95027.56213883765 -23598.59200331107
0  118885.0590720245 -29472.34253425313
0  142552.3169152662 -35357.26514689085
0  166168.1444022022 -41236.01950835154
0  190312.6476061022 -47090.27339334391
0  213966.4787492463 -52969.26493763631
0  237664.7203200857 -58825.60093478415
0  261339.2497531622 -64674.36749459356
0  285363.1377397278 -70495.003065183
0  309707.4026964034 -76302.63060065248
0  334500.2984672385 -82098.10089084279
0  358932.4373462606 -87897.66170646802
0  384164.9449017001 -93670.94343369979
