0  2187.960715946936 -3419.243700935613
0  2741.147228468284 -4280.002810346256
0  3288.478440289754 -5138.972892146117
0  3836.891852245039 -5988.791731803964
0  4396.315576133906 -6863.136683219037
0  4942.49638998741 -7711.720346373563
0  5495.967984177694 -8565.308369193792
0  6055.309568913201 -9417.761323978981
0  6624.663174488041 -10284.71216429149
0  7201.958900066866 -11164.51874319633
0  7774.513963899574 -12051.45548759919
0  8358.741760067112 -12950.58377647042
0  8935.843284553977 -13863.61630907036
