0  -32011.61086214355 85174.48653779771
0  -40115.29784306736 106612.9108775919
0  -48161.54556357669 127994.8479809303
0  -56092.68040195082 149152.3919547022
0  -64416.39233632454 170947.5722665789
0  -72319.36186451353 192062.1444745111
0  -80333.91843513603 213357.677553235
0  -88365.67330288202 234619.7878612378
0  -96651.87362046896 256292.0596911969
0  -105161.3860248182 278295.7801494277
0  -113749.7098643172 300514.3324531882
0  -122573.7153591738 323038.4189658493
0  -131568.8379837113 346003.717170545
