0  -2.187960715946935 3.419243700935612
0  -2.741147228468284 4.280002810346256
0  -3.288478440289753 5.138972892146118
0  -3.836891852245038 5.988791731803965
0  -4.396315576133905 6.863136683219038
0  -4.942496389987411 7.711720346373563
0  -5.495967984177695 8.565308369193794
0  -6.0553095689132 9.417761323978983
0  -6.624663174488041 10.28471216429149
0  -7.201958900066865 11.16451874319633
0  -7.774513963899573 12.05145548759919
0  -8.358741760067112 12.95058377647041
0  -8.935843284553979 13.86361630907036
