0  2.893764410414005 -0.9319732001785721
0  3.619047299584256 -1.163735814871012
0  4.340276710274886 -1.39547357548952
0  5.053763395808438 -1.627139858778553
0  5.793087229804541 -1.858803665766399
0  6.509198511076478 -2.089993888358418
0  7.224259178427469 -2.322511496814913
0  7.933189520277579 -2.554523998893137
0  8.656259405543016 -2.787319060147349
0  9.393133714484533 -3.019994994653285
0  10.15584492881534 -3.253646621430978
0  10.90187928247484 -3.487490929728572
0  11.69389743197805 -3.724026820693908
