0  -3.589585021368456 -2.678936971461885
0  -4.489553183045921 -3.348802213656946
0  -5.385254726036115 -4.017614904551505
0  -6.287747899178584 -4.687631156906699
0  -7.184381461323655 -5.357872681145392
0  -8.085481135499899 -6.027231034181399
0  -8.989699781822331 -6.699679986683686
0  -9.900169511712937 -7.372624532538312
0  -10.81018059957804 -8.047792573094002
0  -11.71885340388651 -8.72311580340339
0  -12.61754702452362 -9.398974074586651
0  -13.51922311638943 -10.07515096141379
0  -14.40308708017926 -10.75354523031961
